a_r(          1)=  2048;a_i(          1)=   511;b_r(          1)=-32257;b_i(          1)=    -1;w_r(          1)= 32767;w_i(          1)=-32768;x_r(          1)=-30209;x_i(          1)=   510;y_r(          1)=  4224;y_i(          1)= 20736;
a_r(          2)=  2049;a_i(          2)=   512;b_r(          2)=-32258;b_i(          2)=    -2;w_r(          2)= 32767;w_i(          2)=-32768;x_r(          2)=-30209;x_i(          2)=   510;y_r(          2)=  4224;y_i(          2)= 20736;
a_r(          3)=  2050;a_i(          3)=   513;b_r(          3)=-32259;b_i(          3)=    -3;w_r(          3)= 32767;w_i(          3)=-32768;x_r(          3)=-30209;x_i(          3)=   510;y_r(          3)=  4224;y_i(          3)= 20737;
a_r(          4)=  2051;a_i(          4)=   514;b_r(          4)=-32260;b_i(          4)=    -4;w_r(          4)= 32767;w_i(          4)=-32768;x_r(          4)=-30209;x_i(          4)=   510;y_r(          4)=  4224;y_i(          4)= 20737;
a_r(          5)=  2052;a_i(          5)=   515;b_r(          5)=-32261;b_i(          5)=    -5;w_r(          5)= 32767;w_i(          5)=-32768;x_r(          5)=-30209;x_i(          5)=   510;y_r(          5)=  4224;y_i(          5)= 20738;
a_r(          6)=  2053;a_i(          6)=   516;b_r(          6)=-32262;b_i(          6)=    -6;w_r(          6)= 32767;w_i(          6)=-32768;x_r(          6)=-30209;x_i(          6)=   510;y_r(          6)=  4224;y_i(          6)= 20738;
a_r(          7)=  2054;a_i(          7)=   517;b_r(          7)=-32263;b_i(          7)=    -7;w_r(          7)= 32767;w_i(          7)=-32768;x_r(          7)=-30209;x_i(          7)=   510;y_r(          7)=  4224;y_i(          7)= 20739;
a_r(          8)=  2055;a_i(          8)=   518;b_r(          8)=-32264;b_i(          8)=    -8;w_r(          8)= 32767;w_i(          8)=-32768;x_r(          8)=-30209;x_i(          8)=   510;y_r(          8)=  4224;y_i(          8)= 20739;
a_r(          9)=  2056;a_i(          9)=   519;b_r(          9)=-32265;b_i(          9)=    -9;w_r(          9)= 32767;w_i(          9)=-32768;x_r(          9)=-30209;x_i(          9)=   510;y_r(          9)=  4224;y_i(          9)= 20740;
a_r(         10)=  2057;a_i(         10)=   520;b_r(         10)=-32266;b_i(         10)=   -10;w_r(         10)= 32767;w_i(         10)=-32768;x_r(         10)=-30209;x_i(         10)=   510;y_r(         10)=  4224;y_i(         10)= 20740;
a_r(         11)=  2058;a_i(         11)=   521;b_r(         11)=-32267;b_i(         11)=   -11;w_r(         11)= 32767;w_i(         11)=-32768;x_r(         11)=-30209;x_i(         11)=   510;y_r(         11)=  4224;y_i(         11)= 20741;
a_r(         12)=  2059;a_i(         12)=   522;b_r(         12)=-32268;b_i(         12)=   -12;w_r(         12)= 32767;w_i(         12)=-32768;x_r(         12)=-30209;x_i(         12)=   510;y_r(         12)=  4224;y_i(         12)= 20741;
a_r(         13)=  2060;a_i(         13)=   523;b_r(         13)=-32269;b_i(         13)=   -13;w_r(         13)= 32767;w_i(         13)=-32768;x_r(         13)=-30209;x_i(         13)=   510;y_r(         13)=  4224;y_i(         13)= 20742;
a_r(         14)=  2061;a_i(         14)=   524;b_r(         14)=-32270;b_i(         14)=   -14;w_r(         14)= 32767;w_i(         14)=-32768;x_r(         14)=-30209;x_i(         14)=   510;y_r(         14)=  4224;y_i(         14)= 20742;
a_r(         15)=  2062;a_i(         15)=   525;b_r(         15)=-32271;b_i(         15)=   -15;w_r(         15)= 32767;w_i(         15)=-32768;x_r(         15)=-30209;x_i(         15)=   510;y_r(         15)=  4224;y_i(         15)= 20743;
a_r(         16)=  2063;a_i(         16)=   526;b_r(         16)=-32272;b_i(         16)=   -16;w_r(         16)= 32767;w_i(         16)=-32768;x_r(         16)=-30209;x_i(         16)=   510;y_r(         16)=  4224;y_i(         16)= 20743;
a_r(         17)=  2064;a_i(         17)=   527;b_r(         17)=-32273;b_i(         17)=   -17;w_r(         17)= 32767;w_i(         17)=-32768;x_r(         17)=-30209;x_i(         17)=   510;y_r(         17)=  4224;y_i(         17)= 20744;
a_r(         18)=  2065;a_i(         18)=   528;b_r(         18)=-32274;b_i(         18)=   -18;w_r(         18)= 32767;w_i(         18)=-32768;x_r(         18)=-30209;x_i(         18)=   510;y_r(         18)=  4224;y_i(         18)= 20744;
a_r(         19)=  2066;a_i(         19)=   529;b_r(         19)=-32275;b_i(         19)=   -19;w_r(         19)= 32767;w_i(         19)=-32768;x_r(         19)=-30209;x_i(         19)=   510;y_r(         19)=  4224;y_i(         19)= 20745;
a_r(         20)=  2067;a_i(         20)=   530;b_r(         20)=-32276;b_i(         20)=   -20;w_r(         20)= 32767;w_i(         20)=-32768;x_r(         20)=-30209;x_i(         20)=   510;y_r(         20)=  4224;y_i(         20)= 20745;
a_r(         21)=  2068;a_i(         21)=   531;b_r(         21)=-32277;b_i(         21)=   -21;w_r(         21)= 32767;w_i(         21)=-32768;x_r(         21)=-30209;x_i(         21)=   510;y_r(         21)=  4224;y_i(         21)= 20746;
a_r(         22)=  2069;a_i(         22)=   532;b_r(         22)=-32278;b_i(         22)=   -22;w_r(         22)= 32767;w_i(         22)=-32768;x_r(         22)=-30209;x_i(         22)=   510;y_r(         22)=  4224;y_i(         22)= 20746;
a_r(         23)=  2070;a_i(         23)=   533;b_r(         23)=-32279;b_i(         23)=   -23;w_r(         23)= 32767;w_i(         23)=-32768;x_r(         23)=-30209;x_i(         23)=   510;y_r(         23)=  4224;y_i(         23)= 20747;
a_r(         24)=  2071;a_i(         24)=   534;b_r(         24)=-32280;b_i(         24)=   -24;w_r(         24)= 32767;w_i(         24)=-32768;x_r(         24)=-30209;x_i(         24)=   510;y_r(         24)=  4224;y_i(         24)= 20747;
a_r(         25)=  2072;a_i(         25)=   535;b_r(         25)=-32281;b_i(         25)=   -25;w_r(         25)= 32767;w_i(         25)=-32768;x_r(         25)=-30209;x_i(         25)=   510;y_r(         25)=  4224;y_i(         25)= 20748;
a_r(         26)=  2073;a_i(         26)=   536;b_r(         26)=-32282;b_i(         26)=   -26;w_r(         26)= 32767;w_i(         26)=-32768;x_r(         26)=-30209;x_i(         26)=   510;y_r(         26)=  4224;y_i(         26)= 20748;
a_r(         27)=  2074;a_i(         27)=   537;b_r(         27)=-32283;b_i(         27)=   -27;w_r(         27)= 32767;w_i(         27)=-32768;x_r(         27)=-30209;x_i(         27)=   510;y_r(         27)=  4224;y_i(         27)= 20749;
a_r(         28)=  2075;a_i(         28)=   538;b_r(         28)=-32284;b_i(         28)=   -28;w_r(         28)= 32767;w_i(         28)=-32768;x_r(         28)=-30209;x_i(         28)=   510;y_r(         28)=  4224;y_i(         28)= 20749;
a_r(         29)=  2076;a_i(         29)=   539;b_r(         29)=-32285;b_i(         29)=   -29;w_r(         29)= 32767;w_i(         29)=-32768;x_r(         29)=-30209;x_i(         29)=   510;y_r(         29)=  4224;y_i(         29)= 20750;
a_r(         30)=  2077;a_i(         30)=   540;b_r(         30)=-32286;b_i(         30)=   -30;w_r(         30)= 32767;w_i(         30)=-32768;x_r(         30)=-30209;x_i(         30)=   510;y_r(         30)=  4224;y_i(         30)= 20750;
a_r(         31)=  2078;a_i(         31)=   541;b_r(         31)=-32287;b_i(         31)=   -31;w_r(         31)= 32767;w_i(         31)=-32768;x_r(         31)=-30209;x_i(         31)=   510;y_r(         31)=  4224;y_i(         31)= 20751;
a_r(         32)=  2079;a_i(         32)=   542;b_r(         32)=-32288;b_i(         32)=   -32;w_r(         32)= 32767;w_i(         32)=-32768;x_r(         32)=-30209;x_i(         32)=   510;y_r(         32)=  4224;y_i(         32)= 20751;
a_r(         33)=  2080;a_i(         33)=   543;b_r(         33)=-32289;b_i(         33)=   -33;w_r(         33)= 32767;w_i(         33)=-32768;x_r(         33)=-30209;x_i(         33)=   510;y_r(         33)=  4224;y_i(         33)= 20752;
