a_r(          1)=  2048;a_i(          1)=   511;b_r(          1)=-32257;b_i(          1)=    -1;w_r(          1)= 32767;w_i(          1)=-32768;x_r(          1)=-30209;x_i(          1)=   510;y_r(          1)=  8448;y_i(          1)= -8448;
a_r(          2)=  2049;a_i(          2)=   512;b_r(          2)=-32258;b_i(          2)=    -2;w_r(          2)= 32767;w_i(          2)=-32768;x_r(          2)=-30209;x_i(          2)=   510;y_r(          2)=  8448;y_i(          2)= -8448;
a_r(          3)=  2050;a_i(          3)=   513;b_r(          3)=-32259;b_i(          3)=    -3;w_r(          3)= 32767;w_i(          3)=-32768;x_r(          3)=-30209;x_i(          3)=   510;y_r(          3)=  8448;y_i(          3)= -8448;
a_r(          4)=  2051;a_i(          4)=   514;b_r(          4)=-32260;b_i(          4)=    -4;w_r(          4)= 32767;w_i(          4)=-32768;x_r(          4)=-30209;x_i(          4)=   510;y_r(          4)=  8448;y_i(          4)= -8448;
a_r(          5)=  2052;a_i(          5)=   515;b_r(          5)=-32261;b_i(          5)=    -5;w_r(          5)= 32767;w_i(          5)=-32768;x_r(          5)=-30209;x_i(          5)=   510;y_r(          5)=  8448;y_i(          5)= -8448;
a_r(          6)=  2053;a_i(          6)=   516;b_r(          6)=-32262;b_i(          6)=    -6;w_r(          6)= 32767;w_i(          6)=-32768;x_r(          6)=-30209;x_i(          6)=   510;y_r(          6)=  8448;y_i(          6)= -8448;
a_r(          7)=  2054;a_i(          7)=   517;b_r(          7)=-32263;b_i(          7)=    -7;w_r(          7)= 32767;w_i(          7)=-32768;x_r(          7)=-30209;x_i(          7)=   510;y_r(          7)=  8448;y_i(          7)= -8448;
a_r(          8)=  2055;a_i(          8)=   518;b_r(          8)=-32264;b_i(          8)=    -8;w_r(          8)= 32767;w_i(          8)=-32768;x_r(          8)=-30209;x_i(          8)=   510;y_r(          8)=  8448;y_i(          8)= -8448;
a_r(          9)=  2056;a_i(          9)=   519;b_r(          9)=-32265;b_i(          9)=    -9;w_r(          9)= 32767;w_i(          9)=-32768;x_r(          9)=-30209;x_i(          9)=   510;y_r(          9)=  8448;y_i(          9)= -8448;
