wn_exp(          1)=2730;a_r(          1)= -1360;a_i(          1)= -1360;b_r(          1)= -1360;b_i(          1)= -1360;x_r(          1)=     x;x_i(          1)=     x;y_r(          1)=     x;y_i(          1)=     x;
wn_exp(          2)=2730;a_r(          2)=  -672;a_i(          2)=  -672;b_r(          2)=  -672;b_i(          2)=  -672;x_r(          2)=     x;x_i(          2)=     x;y_r(          2)=     x;y_i(          2)=     x;
wn_exp(          3)=2730;a_r(          3)= -1984;a_i(          3)= -1984;b_r(          3)= -1984;b_i(          3)= -1984;x_r(          3)=     x;x_i(          3)=     x;y_r(          3)=     x;y_i(          3)=     x;
wn_exp(          4)=2730;a_r(          4)= -1296;a_i(          4)= -1296;b_r(          4)= -1296;b_i(          4)= -1296;x_r(          4)= -1344;x_i(          4)= -1344;y_r(          4)=     x;y_i(          4)=     x;
wn_exp(          5)=2730;a_r(          5)=  -608;a_i(          5)=  -608;b_r(          5)=  -608;b_i(          5)=  -608;x_r(          5)= -1344;x_i(          5)= -1344;y_r(          5)=     x;y_i(          5)=     x;
wn_exp(          6)=2730;a_r(          6)= -1920;a_i(          6)= -1920;b_r(          6)= -1920;b_i(          6)= -1920;x_r(          6)= -1344;x_i(          6)= -1344;y_r(          6)=     x;y_i(          6)=     x;
wn_exp(          7)=2730;a_r(          7)= -1232;a_i(          7)= -1232;b_r(          7)= -1232;b_i(          7)= -1232;x_r(          7)= -1344;x_i(          7)= -1344;y_r(          7)=     x;y_i(          7)=     x;
wn_exp(          8)=2730;a_r(          8)=  -544;a_i(          8)=  -544;b_r(          8)=  -544;b_i(          8)=  -544;x_r(          8)= -3840;x_i(          8)= -3840;y_r(          8)=     0;y_i(          8)=  4096;
wn_exp(          9)=2730;a_r(          9)= -1856;a_i(          9)= -1856;b_r(          9)= -1856;b_i(          9)= -1856;x_r(          9)= -3840;x_i(          9)= -3840;y_r(          9)=     0;y_i(          9)=  4096;
wn_exp(         10)=2730;a_r(         10)= -1168;a_i(         10)= -1168;b_r(         10)= -1168;b_i(         10)= -1168;x_r(         10)= -3840;x_i(         10)= -3840;y_r(         10)=     0;y_i(         10)=  4096;
wn_exp(         11)=2730;a_r(         11)=  -480;a_i(         11)=  -480;b_r(         11)=  -480;b_i(         11)=  -480;x_r(         11)= -3840;x_i(         11)= -3840;y_r(         11)=     0;y_i(         11)=  4096;
wn_exp(         12)=2730;a_r(         12)= -1791;a_i(         12)= -1791;b_r(         12)= -1791;b_i(         12)= -1791;x_r(         12)= -2336;x_i(         12)= -2336;y_r(         12)=     0;y_i(         12)=  4096;
wn_exp(         13)=2730;a_r(         13)= -1103;a_i(         13)= -1103;b_r(         13)= -1103;b_i(         13)= -1103;x_r(         13)= -2336;x_i(         13)= -2336;y_r(         13)=     0;y_i(         13)=  4096;
wn_exp(         14)=2730;a_r(         14)=  -415;a_i(         14)=  -415;b_r(         14)=  -415;b_i(         14)=  -415;x_r(         14)= -2336;x_i(         14)= -2336;y_r(         14)=     0;y_i(         14)=  4096;
wn_exp(         15)=2730;a_r(         15)= -1727;a_i(         15)= -1727;b_r(         15)= -1727;b_i(         15)= -1727;x_r(         15)= -2336;x_i(         15)= -2336;y_r(         15)=     0;y_i(         15)=  4096;
wn_exp(         16)=2730;a_r(         16)= -1039;a_i(         16)= -1039;b_r(         16)= -1039;b_i(         16)= -1039;x_r(         16)=  -830;x_i(         16)=  -830;y_r(         16)=     0;y_i(         16)=  4096;
wn_exp(         17)=2730;a_r(         17)=  -351;a_i(         17)=  -351;b_r(         17)=  -351;b_i(         17)=  -351;x_r(         17)=  -830;x_i(         17)=  -830;y_r(         17)=     0;y_i(         17)=  4096;
wn_exp(         18)=2730;a_r(         18)= -1663;a_i(         18)= -1663;b_r(         18)= -1663;b_i(         18)= -1663;x_r(         18)=  -830;x_i(         18)=  -830;y_r(         18)=     0;y_i(         18)=  4096;
wn_exp(         19)=2730;a_r(         19)=  -975;a_i(         19)=  -975;b_r(         19)=  -975;b_i(         19)=  -975;x_r(         19)=  -830;x_i(         19)=  -830;y_r(         19)=     0;y_i(         19)=  4096;
wn_exp(         20)=2730;a_r(         20)=  -287;a_i(         20)=  -287;b_r(         20)=  -287;b_i(         20)=  -287;x_r(         20)= -3326;x_i(         20)= -3326;y_r(         20)=     0;y_i(         20)=  4096;
wn_exp(         21)=2730;a_r(         21)= -1599;a_i(         21)= -1599;b_r(         21)= -1599;b_i(         21)= -1599;x_r(         21)= -3326;x_i(         21)= -3326;y_r(         21)=     0;y_i(         21)=  4096;
wn_exp(         22)=2730;a_r(         22)=  -911;a_i(         22)=  -911;b_r(         22)=  -911;b_i(         22)=  -911;x_r(         22)= -3326;x_i(         22)= -3326;y_r(         22)=     0;y_i(         22)=  4096;
wn_exp(         23)=2730;a_r(         23)=  -223;a_i(         23)=  -223;b_r(         23)=  -223;b_i(         23)=  -223;x_r(         23)= -3326;x_i(         23)= -3326;y_r(         23)=     0;y_i(         23)=  4096;
wn_exp(         24)=2730;a_r(         24)= -1534;a_i(         24)= -1534;b_r(         24)= -1534;b_i(         24)= -1534;x_r(         24)= -1822;x_i(         24)= -1822;y_r(         24)=     0;y_i(         24)=  4096;
wn_exp(         25)=2730;a_r(         25)=  -846;a_i(         25)=  -846;b_r(         25)=  -846;b_i(         25)=  -846;x_r(         25)= -1822;x_i(         25)= -1822;y_r(         25)=     0;y_i(         25)=  4096;
wn_exp(         26)=2730;a_r(         26)=  -158;a_i(         26)=  -158;b_r(         26)=  -158;b_i(         26)=  -158;x_r(         26)= -1822;x_i(         26)= -1822;y_r(         26)=     0;y_i(         26)=  4096;
wn_exp(         27)=2730;a_r(         27)= -1470;a_i(         27)= -1470;b_r(         27)= -1470;b_i(         27)= -1470;x_r(         27)= -1822;x_i(         27)= -1822;y_r(         27)=     0;y_i(         27)=  4096;
wn_exp(         28)=2730;a_r(         28)=  -782;a_i(         28)=  -782;b_r(         28)=  -782;b_i(         28)=  -782;x_r(         28)=  -316;x_i(         28)=  -316;y_r(         28)=     0;y_i(         28)=  4096;
wn_exp(         29)=2730;a_r(         29)=   -94;a_i(         29)=   -94;b_r(         29)=   -94;b_i(         29)=   -94;x_r(         29)=  -316;x_i(         29)=  -316;y_r(         29)=     0;y_i(         29)=  4096;
wn_exp(         30)=2730;a_r(         30)= -1406;a_i(         30)= -1406;b_r(         30)= -1406;b_i(         30)= -1406;x_r(         30)=  -316;x_i(         30)=  -316;y_r(         30)=     0;y_i(         30)=  4096;
wn_exp(         31)=2730;a_r(         31)=  -718;a_i(         31)=  -718;b_r(         31)=  -718;b_i(         31)=  -718;x_r(         31)=  -316;x_i(         31)=  -316;y_r(         31)=     0;y_i(         31)=  4096;
wn_exp(         32)=2730;a_r(         32)=   -30;a_i(         32)=   -30;b_r(         32)=   -30;b_i(         32)=   -30;x_r(         32)= -2812;x_i(         32)= -2812;y_r(         32)=     0;y_i(         32)=  4096;
wn_exp(         33)=2730;a_r(         33)= -1342;a_i(         33)= -1342;b_r(         33)= -1342;b_i(         33)= -1342;x_r(         33)= -2812;x_i(         33)= -2812;y_r(         33)=     0;y_i(         33)=  4096;
wn_exp(         34)=2730;a_r(         34)=  -654;a_i(         34)=  -654;b_r(         34)=  -654;b_i(         34)=  -654;x_r(         34)= -2812;x_i(         34)= -2812;y_r(         34)=     0;y_i(         34)=  4096;
wn_exp(         35)=2730;a_r(         35)= -1966;a_i(         35)= -1966;b_r(         35)= -1966;b_i(         35)= -1966;x_r(         35)= -2812;x_i(         35)= -2812;y_r(         35)=     0;y_i(         35)=  4096;
wn_exp(         36)=2730;a_r(         36)= -1277;a_i(         36)= -1277;b_r(         36)= -1277;b_i(         36)= -1277;x_r(         36)= -1308;x_i(         36)= -1308;y_r(         36)=     0;y_i(         36)=  4096;
